# x y
1.000000e-02 0.000000e+00
9.921147e-03 1.253332e-03
9.685832e-03 2.486899e-03
9.297765e-03 3.681246e-03
8.763067e-03 4.817537e-03
8.090170e-03 5.877853e-03
7.289686e-03 6.845471e-03
6.374240e-03 7.705132e-03
5.358268e-03 8.443279e-03
4.257793e-03 9.048271e-03
3.090170e-03 9.510565e-03
1.873813e-03 9.822873e-03
6.279052e-04 9.980267e-03
-6.279052e-04 9.980267e-03
-1.873813e-03 9.822873e-03
-3.090170e-03 9.510565e-03
-4.257793e-03 9.048271e-03
-5.358268e-03 8.443279e-03
-6.374240e-03 7.705132e-03
-7.289686e-03 6.845471e-03
-8.090170e-03 5.877853e-03
-8.763067e-03 4.817537e-03
-9.297765e-03 3.681246e-03
-9.685832e-03 2.486899e-03
-9.921147e-03 1.253332e-03
-1.000000e-02 1.224647e-18
-9.921147e-03 -1.253332e-03
-9.685832e-03 -2.486899e-03
-9.297765e-03 -3.681246e-03
-8.763067e-03 -4.817537e-03
-8.090170e-03 -5.877853e-03
-7.289686e-03 -6.845471e-03
-6.374240e-03 -7.705132e-03
-5.358268e-03 -8.443279e-03
-4.257793e-03 -9.048271e-03
-3.090170e-03 -9.510565e-03
-1.873813e-03 -9.822873e-03
-6.279052e-04 -9.980267e-03
6.279052e-04 -9.980267e-03
1.873813e-03 -9.822873e-03
3.090170e-03 -9.510565e-03
4.257793e-03 -9.048271e-03
5.358268e-03 -8.443279e-03
6.374240e-03 -7.705132e-03
7.289686e-03 -6.845471e-03
8.090170e-03 -5.877853e-03
8.763067e-03 -4.817537e-03
9.297765e-03 -3.681246e-03
9.685832e-03 -2.486899e-03
9.921147e-03 -1.253332e-03
